Test n:0 4.100000296602957e-06 1.5999994502635673e-06 2.200000380980782e-06 2.0000006770715117e-06 2.1999985619913787e-06 
Test n:100 0.01868319999994128 0.018914800000857213 0.01707209999949555 0.01763580000078946 0.01731830000062473 
Test n:200 0.19808089999969525 0.19805219999943802 0.20003639999958978 0.20065530000101717 0.202947599998879 
Test n:300 0.9946935000007215 0.9419111000006524 0.9336103999994521 0.9399679999987711 0.9345956999986811 
Test n:400 3.1435012000001734 3.0895951999991667 3.054576000000452 3.0716957000004186 3.0150173000001814 
Test n:500 7.872857000000295 7.784803700000339 7.772488399999929 7.8766873000004125 7.837723000000551 
Test n:600 16.351781299999857 15.847556599999734 16.882057000000714 16.184353399999964 16.007156899999245 
Test n:700 29.67986539999947 29.67777820000083 29.634452000000238 30.14024150000114 29.533553600000232 
Test n:800 52.77038989999892 52.85765790000005 53.90668030000052 55.494332700000086 54.45004490000065 
Test n:900 91.25385389999974 99.21429790000002 88.59189000000151 94.45949210000072 90.3358786000008 
