100 2500
0 29
0 51
0 8
0 47
0 89
1 58
1 27
1 26
1 98
1 96
1 88
1 44
1 3
1 82
1 81
1 63
1 99
2 0
2 64
2 47
2 89
2 26
3 64
3 89
3 51
3 26
4 22
4 44
4 76
4 3
4 48
4 45
4 8
4 64
4 1
4 98
4 47
4 24
4 18
4 90
4 6
4 63
4 79
4 91
4 93
5 98
5 94
5 71
5 13
5 81
5 30
5 56
5 6
5 53
5 31
5 26
5 93
5 25
5 34
5 1
5 67
5 47
5 55
5 39
5 79
5 40
5 52
5 14
5 91
5 2
5 46
5 82
5 78
5 19
5 16
5 74
5 92
5 45
5 0
5 70
5 99
5 69
5 9
5 8
5 95
5 11
5 35
5 15
5 12
5 80
5 23
5 38
5 57
5 54
5 89
5 97
6 1
6 8
6 88
6 0
6 96
6 18
6 47
6 26
6 44
6 89
6 51
7 90
7 72
7 46
7 6
7 88
7 34
7 47
7 63
7 22
7 8
7 94
7 24
7 18
7 0
7 58
7 26
7 23
7 64
7 76
7 32
7 91
7 61
7 81
7 67
7 4
7 79
7 27
7 95
7 84
8 29
8 51
8 89
8 26
8 64
9 34
9 81
9 91
9 18
9 0
9 8
9 82
9 95
9 50
9 66
9 24
9 23
9 29
9 84
9 99
9 22
9 39
9 46
9 44
9 41
9 1
9 90
9 10
9 37
9 47
9 98
9 26
9 79
10 67
10 2
10 45
10 28
10 63
10 84
10 89
10 72
10 25
10 99
10 61
10 88
10 0
10 54
10 90
10 29
10 6
10 32
10 96
10 48
10 8
10 58
11 76
11 82
11 45
11 48
11 88
11 24
11 47
11 4
11 64
11 0
11 93
11 51
11 96
11 44
11 89
11 66
11 46
11 99
11 1
11 79
11 58
11 72
11 26
11 3
11 6
11 29
11 84
11 28
12 74
12 54
12 48
12 56
12 66
12 46
12 20
12 86
12 69
12 23
12 61
12 4
12 84
12 47
12 94
12 55
12 44
12 11
12 96
12 72
12 9
12 76
12 41
12 78
12 89
12 3
12 21
12 22
12 39
12 67
12 68
12 37
13 79
13 57
13 89
13 94
13 46
13 11
13 22
13 12
13 99
13 56
13 42
13 4
13 96
13 69
13 25
13 64
13 39
13 28
13 93
13 40
13 3
13 68
13 0
13 9
13 18
13 6
13 23
13 98
13 47
13 74
13 82
13 87
13 2
13 58
13 65
14 48
14 40
14 72
14 6
14 51
14 79
14 64
14 55
14 37
14 99
14 10
14 69
14 28
14 0
14 9
14 84
14 26
14 86
14 20
14 98
14 42
14 67
14 96
15 36
15 9
15 54
15 37
15 78
15 72
15 51
15 18
15 41
15 0
15 68
15 82
15 13
15 98
15 99
15 86
15 96
15 97
15 6
15 69
15 66
15 58
15 81
15 8
15 93
15 23
15 65
15 74
15 26
15 10
15 92
15 46
15 88
15 45
15 22
15 87
15 57
15 91
15 55
15 89
15 32
16 17
16 72
16 96
16 78
16 73
16 4
16 89
16 51
16 69
16 87
16 98
16 86
16 11
16 88
16 99
16 43
16 7
16 39
16 28
16 0
16 91
16 25
16 77
16 49
16 42
16 6
16 32
16 15
16 46
16 37
16 9
16 44
16 1
16 26
16 48
16 27
16 20
16 10
16 19
16 3
16 81
16 90
16 83
16 13
16 40
16 22
16 70
16 12
17 10
17 4
17 48
17 56
17 49
17 26
17 45
17 34
17 42
17 76
17 96
17 80
17 73
17 37
17 97
17 50
17 25
17 0
17 99
17 35
17 36
17 58
17 38
17 54
17 1
17 92
17 24
17 51
17 85
17 8
17 72
17 66
17 74
17 89
17 64
17 40
17 46
17 29
17 39
17 3
17 15
18 64
18 3
18 89
18 26
18 47
18 51
19 17
19 91
19 28
19 65
19 42
19 85
19 56
19 48
19 15
19 80
19 50
19 78
19 74
19 29
19 55
19 2
19 20
19 76
19 14
19 99
19 72
19 54
19 34
19 98
19 69
19 24
19 6
19 89
19 8
19 33
19 25
19 79
19 32
19 68
19 73
19 7
19 94
19 70
19 0
19 45
19 41
19 4
19 96
19 58
20 54
20 81
20 11
20 2
20 91
20 95
20 68
20 3
20 18
20 0
20 94
20 8
20 67
20 63
20 47
20 37
20 44
20 29
20 90
20 41
20 93
20 96
20 42
20 58
20 61
20 46
20 4
20 27
21 0
21 94
21 24
21 87
21 88
21 66
21 6
21 4
21 64
21 63
21 54
21 51
21 68
21 29
21 20
21 37
21 10
21 93
21 96
21 22
21 9
21 34
21 42
21 46
21 61
21 39
21 25
21 90
21 48
22 24
22 23
22 46
22 64
22 91
22 89
22 99
22 28
22 26
22 27
22 29
22 76
22 48
22 66
22 45
22 90
22 63
22 3
22 6
22 58
22 81
22 51
22 0
22 84
23 96
23 66
23 27
23 51
23 47
23 81
23 98
23 76
23 8
23 93
23 26
23 18
23 3
24 58
24 76
24 84
24 99
24 23
24 90
24 1
24 82
24 66
24 0
24 72
24 6
24 48
25 1
25 47
25 54
25 23
25 66
25 99
25 81
25 72
25 89
25 3
25 58
25 18
25 51
25 22
25 94
25 44
25 91
25 84
25 93
27 48
27 44
27 2
27 64
27 29
27 82
27 8
27 76
27 98
27 81
27 96
27 26
27 3
27 18
28 66
28 82
28 81
28 2
28 18
28 27
28 98
28 47
28 0
28 51
28 29
29 18
29 47
29 64
30 95
30 80
30 82
30 16
30 75
30 3
30 85
30 56
30 78
30 45
30 49
30 24
30 69
30 0
30 8
30 52
30 70
30 18
30 83
30 60
30 50
30 51
30 32
30 86
30 15
30 62
30 61
30 67
30 31
30 33
30 46
30 36
30 92
30 1
30 68
30 71
30 6
30 91
30 81
30 74
30 55
30 65
30 41
30 39
30 37
30 34
30 44
30 66
30 43
30 47
31 21
31 17
31 80
31 54
31 36
31 40
31 43
31 39
31 63
31 51
31 41
31 29
31 22
31 76
31 86
31 74
31 79
31 16
31 84
31 6
31 49
31 82
31 64
31 46
31 11
31 19
31 89
31 15
31 1
31 96
31 24
31 75
31 13
31 99
31 93
31 78
31 98
31 34
31 48
31 23
31 73
31 25
32 66
32 98
32 88
32 94
32 82
32 23
32 6
32 28
32 41
32 18
32 1
32 79
32 22
32 99
32 47
32 58
32 76
32 90
32 4
32 63
32 81
32 2
33 12
33 68
33 41
33 18
33 54
33 37
33 70
33 76
33 36
33 96
33 9
33 29
33 3
33 62
33 78
33 75
33 95
33 87
33 98
33 11
33 66
33 21
33 14
33 24
33 58
33 56
33 28
33 61
33 73
33 92
33 81
33 45
33 90
33 32
33 25
33 74
33 20
33 51
33 69
33 91
33 89
33 26
33 86
34 11
34 66
34 20
34 28
34 91
34 51
34 94
34 98
34 4
34 79
34 8
34 42
34 41
34 68
34 88
34 32
34 61
34 29
34 81
34 37
34 95
34 0
34 23
34 44
34 89
35 78
35 65
35 3
35 12
35 92
35 33
35 10
35 90
35 60
35 66
35 21
35 96
35 54
35 50
35 39
35 8
35 34
35 79
35 73
35 63
35 89
35 44
35 88
35 20
35 6
35 48
35 22
35 40
35 69
35 58
35 38
35 15
35 37
35 26
35 84
35 4
35 94
35 61
35 56
35 76
35 87
35 71
36 97
36 8
36 99
36 27
36 91
36 58
36 44
36 78
36 10
36 42
36 81
36 69
36 9
36 37
36 64
36 84
36 76
36 25
36 12
36 95
36 98
36 75
36 1
36 68
36 96
36 90
36 3
36 89
36 51
36 82
36 54
36 93
36 28
36 65
36 13
36 94
36 24
36 6
36 92
36 14
36 72
37 4
37 28
37 45
37 88
37 24
37 54
37 64
37 63
37 47
37 23
37 44
37 26
37 2
37 46
37 8
37 29
37 25
37 32
37 1
37 81
37 79
37 96
38 11
38 42
38 63
38 74
38 73
38 45
38 33
38 29
38 15
38 34
38 92
38 4
38 87
38 1
38 88
38 57
38 7
38 26
38 47
38 12
38 67
38 70
38 65
38 86
38 32
38 79
38 89
38 85
38 0
38 3
38 23
38 64
38 9
38 97
38 6
38 61
38 22
38 44
38 40
38 41
39 37
39 63
39 79
39 3
39 89
39 98
39 64
39 66
39 90
39 61
39 2
39 95
39 24
39 44
39 11
39 84
39 51
39 94
39 72
39 48
39 6
39 54
39 18
39 46
39 4
39 23
39 58
39 26
39 25
40 69
40 39
40 27
40 32
40 93
40 82
40 79
40 51
40 61
40 20
40 24
40 84
40 96
40 11
40 94
40 25
40 98
40 6
40 88
40 58
40 99
40 63
40 22
40 67
40 44
40 91
40 81
40 46
40 9
40 87
40 10
41 79
41 45
41 99
41 2
41 72
41 90
41 47
41 98
41 6
41 58
41 8
41 51
41 91
41 23
41 63
41 27
42 1
42 32
42 99
42 39
42 61
42 27
42 46
42 26
42 54
42 45
42 90
42 22
42 64
42 28
42 8
42 48
42 11
42 3
42 96
42 29
42 47
42 66
42 95
42 67
42 24
42 89
42 76
42 41
42 44
43 98
43 96
43 9
43 68
43 11
43 83
43 34
43 58
43 23
43 67
43 89
43 62
43 72
43 33
43 55
43 93
43 90
43 60
43 24
43 50
43 12
43 63
43 4
43 42
43 97
43 61
43 37
43 64
43 20
43 75
43 47
43 65
43 46
43 77
43 1
43 56
43 92
43 15
43 79
43 35
44 18
44 81
44 93
44 3
44 29
44 8
44 48
44 0
45 2
45 58
45 91
45 82
45 90
45 99
45 63
45 1
45 89
45 88
45 3
45 24
45 28
45 72
45 76
45 51
45 8
45 93
45 23
45 26
45 96
46 64
46 41
46 6
46 27
46 90
46 24
46 76
46 66
46 18
46 8
46 1
46 2
46 84
46 0
46 79
46 93
46 82
46 3
46 44
46 98
46 99
46 26
47 26
47 64
48 63
48 93
48 29
48 18
48 81
48 2
48 26
48 47
48 64
48 89
49 70
49 79
49 94
49 43
49 99
49 96
49 81
49 28
49 13
49 54
49 6
49 22
49 89
49 92
49 75
49 8
49 3
49 65
49 71
49 78
49 63
49 84
49 73
49 35
49 74
49 68
49 60
49 2
49 47
49 51
49 64
49 95
49 57
49 76
49 15
49 77
49 87
49 37
49 27
49 42
49 83
49 20
49 32
49 24
49 33
49 34
49 18
50 7
50 42
50 76
50 54
50 51
50 67
50 95
50 90
50 26
50 58
50 91
50 88
50 93
50 27
50 3
50 1
50 45
50 20
50 79
50 46
50 98
50 0
50 24
50 63
50 41
50 28
50 8
51 64
51 89
52 58
52 55
52 53
52 90
52 54
52 69
52 92
52 22
52 84
52 9
52 31
52 75
52 11
52 94
52 38
52 24
52 97
52 45
52 41
52 43
52 70
52 86
52 88
52 48
52 10
52 20
52 39
52 32
52 29
52 0
52 82
52 1
52 6
52 56
52 34
52 36
52 77
52 33
52 2
52 73
52 91
52 81
52 83
52 35
52 80
52 8
52 72
52 67
52 13
53 19
53 62
53 46
53 3
53 92
53 61
53 0
53 37
53 83
53 14
53 60
53 16
53 24
53 81
53 56
53 87
53 72
53 79
53 70
53 65
53 77
53 97
53 74
53 40
53 18
53 75
53 88
53 41
53 73
53 98
53 26
53 4
53 85
53 38
53 12
53 2
53 8
53 78
53 47
53 54
53 69
53 25
53 43
53 27
53 23
53 63
53 35
53 21
53 64
53 89
53 39
53 76
53 93
54 45
54 32
54 23
54 84
54 63
54 44
54 3
54 91
54 29
54 66
54 79
54 72
54 24
54 96
54 64
54 90
54 94
54 27
54 81
54 88
54 26
54 89
54 4
54 93
55 68
55 21
55 29
55 93
55 18
55 3
55 28
55 7
55 89
55 88
55 2
55 82
55 90
55 44
55 67
55 10
55 26
55 0
55 54
55 4
55 11
55 94
55 99
55 76
55 46
55 27
55 45
55 42
55 61
55 79
56 14
56 41
56 6
56 68
56 11
56 66
56 4
56 46
56 48
56 55
56 18
56 50
56 58
56 34
56 90
56 64
56 95
56 32
56 39
56 2
56 27
56 63
56 67
56 87
56 76
56 94
56 0
56 79
56 8
56 26
56 22
56 7
56 20
56 28
57 21
57 74
57 93
57 63
57 9
57 45
57 0
57 96
57 2
57 81
57 87
57 10
57 95
57 22
57 37
57 94
57 24
57 26
57 90
57 29
57 56
57 48
57 79
57 14
57 39
57 44
57 28
57 41
57 7
57 12
57 58
57 65
57 86
57 89
58 84
58 23
58 96
58 98
58 18
58 27
58 26
58 82
58 66
58 28
58 99
58 88
58 81
58 29
58 0
58 51
58 63
59 56
59 75
59 68
59 52
59 76
59 29
59 4
59 60
59 1
59 78
59 9
59 80
59 14
59 32
59 73
59 38
59 61
59 58
59 84
59 41
59 51
59 72
59 5
59 31
59 13
59 67
59 22
59 85
59 64
59 71
59 66
59 36
59 74
59 40
59 63
59 69
59 92
59 48
59 98
59 81
59 17
59 6
59 43
59 16
59 10
59 45
59 39
59 47
59 57
59 8
59 49
59 62
59 97
60 92
60 91
60 14
60 24
60 44
60 33
60 75
60 82
60 81
60 99
60 71
60 51
60 97
60 72
60 84
60 45
60 62
60 96
60 74
60 61
60 87
60 65
60 25
60 13
60 70
60 58
60 9
60 73
60 56
60 98
60 38
60 11
60 46
60 47
60 85
60 29
60 0
60 8
60 68
60 6
60 27
60 42
60 26
60 67
60 69
60 55
61 88
61 46
61 25
61 2
61 23
61 32
61 90
61 47
61 27
61 28
61 84
61 66
61 26
61 18
61 29
61 91
61 41
61 11
61 4
61 0
61 82
62 74
62 8
62 48
62 88
62 57
62 3
62 64
62 15
62 63
62 54
62 79
62 99
62 42
62 10
62 23
62 93
62 29
62 24
62 47
62 55
62 72
62 87
62 56
62 50
62 22
62 92
62 39
62 34
62 32
62 67
62 58
62 65
62 20
62 21
62 91
62 89
62 97
62 6
63 3
63 76
63 51
63 47
63 29
63 8
63 96
63 64
63 18
63 2
65 37
65 68
65 78
65 1
65 63
65 11
65 6
65 28
65 72
65 79
65 51
65 95
65 7
65 3
65 76
65 69
65 74
65 18
65 90
65 54
65 87
65 42
65 24
65 61
65 91
65 64
65 46
65 12
65 21
65 23
65 55
65 27
65 98
65 96
66 89
66 27
66 88
66 44
66 81
66 72
66 48
66 26
66 98
66 64
66 47
66 0
66 82
66 18
67 79
67 61
67 45
67 72
67 66
67 37
67 54
67 63
67 4
67 94
67 51
67 91
67 1
67 98
67 99
67 29
67 24
67 82
67 93
67 76
67 90
67 44
67 48
67 8
67 28
67 0
68 42
68 63
68 88
68 90
68 96
68 27
68 61
68 54
68 64
68 25
68 32
68 51
68 91
68 95
68 67
68 18
68 39
68 79
68 1
68 10
68 6
68 23
69 55
69 9
69 95
69 25
69 42
69 79
69 50
69 72
69 51
69 67
69 24
69 37
69 10
69 0
69 58
69 3
69 8
69 66
69 46
69 23
69 90
69 27
69 6
69 44
70 45
70 7
70 89
70 32
70 90
70 73
70 57
70 12
70 63
70 9
70 68
70 36
70 0
70 85
70 14
70 1
70 2
70 55
70 25
70 28
70 58
70 86
70 75
70 48
70 37
70 65
70 62
70 11
70 21
70 40
70 66
70 64
70 42
70 34
70 4
70 39
70 46
70 41
70 82
70 97
70 94
70 47
70 29
70 98
70 13
70 79
71 40
71 33
71 38
71 92
71 20
71 50
71 46
71 0
71 65
71 86
71 88
71 27
71 69
71 2
71 95
71 39
71 97
71 63
71 28
71 13
71 89
71 81
71 21
71 91
71 51
71 45
71 7
71 8
71 82
71 26
71 9
71 72
71 4
71 41
71 47
71 76
71 32
72 8
72 76
72 82
72 3
72 27
72 2
72 88
72 18
72 26
72 63
73 76
73 44
73 15
73 88
73 40
73 4
73 96
73 22
73 69
73 51
73 86
73 95
73 50
73 90
73 56
73 20
73 47
73 2
73 54
73 42
73 32
73 26
73 25
73 93
73 1
73 0
73 81
73 37
73 57
73 10
73 64
73 97
73 63
73 58
73 55
73 92
73 14
73 91
73 36
73 98
73 62
73 41
73 99
73 87
74 78
74 21
74 99
74 84
74 66
74 7
74 81
74 44
74 27
74 56
74 63
74 40
74 10
74 79
74 20
74 46
74 22
74 8
74 3
74 24
74 90
74 50
74 88
74 76
74 2
74 41
74 25
74 0
74 14
75 13
75 65
75 96
75 37
75 88
75 76
75 55
75 68
75 10
75 93
75 32
75 66
75 50
75 23
75 98
75 89
75 82
75 34
75 6
75 40
75 25
75 86
75 48
75 99
75 24
75 7
75 21
75 72
75 78
75 27
75 41
75 0
75 81
75 11
75 12
75 63
75 39
76 29
76 18
76 2
76 0
76 26
76 47
76 64
76 8
77 98
77 35
77 97
77 10
77 42
77 72
77 88
77 39
77 32
77 9
77 76
77 92
77 37
77 68
77 6
77 36
77 8
77 2
77 93
77 21
77 61
77 57
77 75
77 73
77 69
77 12
77 78
77 7
77 20
77 28
77 90
77 3
77 81
77 18
77 45
77 70
77 84
78 86
78 56
78 29
78 32
78 89
78 79
78 42
78 99
78 4
78 50
78 18
78 3
78 6
78 67
78 69
78 82
78 66
78 39
78 61
78 51
78 76
78 54
78 9
78 41
78 91
78 90
78 22
78 58
78 28
78 64
78 96
78 98
78 45
78 2
78 55
78 84
78 95
78 40
78 23
78 26
79 99
79 91
79 26
79 51
79 48
79 96
79 27
79 63
79 90
79 28
79 29
79 44
79 45
79 58
80 0
80 73
80 26
80 49
80 89
80 90
80 32
80 61
80 50
80 13
80 18
80 11
80 56
80 1
80 34
80 47
80 38
80 78
80 97
80 68
80 88
80 77
80 41
80 71
80 98
80 95
80 69
80 9
80 8
80 79
80 83
80 91
80 72
80 60
80 74
80 10
80 81
80 70
80 20
80 28
80 63
80 14
81 2
81 93
81 63
81 47
81 29
81 18
81 76
81 96
81 3
81 98
82 48
82 44
82 26
82 2
82 81
82 98
82 64
82 76
82 18
82 93
82 3
82 47
83 39
83 60
83 84
83 57
83 3
83 27
83 71
83 77
83 72
83 21
83 1
83 22
83 7
83 93
83 90
83 12
83 9
83 62
83 95
83 37
83 66
83 85
83 88
83 63
83 76
83 35
83 69
83 14
83 45
83 25
83 15
83 82
83 64
83 29
83 24
83 18
83 6
83 47
83 54
83 79
83 74
83 10
83 36
83 78
84 82
84 89
84 88
84 27
84 47
84 29
84 98
84 23
84 28
84 26
84 63
84 66
84 64
85 2
85 54
85 69
85 18
85 61
85 99
85 47
85 20
85 93
85 44
85 87
85 75
85 34
85 57
85 50
85 46
85 25
85 11
85 78
85 84
85 42
85 24
85 66
85 88
85 14
85 68
85 90
85 13
85 28
85 22
85 48
85 9
85 12
85 91
85 63
85 32
85 45
85 76
85 26
85 65
85 89
85 51
85 79
85 6
86 0
86 50
86 48
86 69
86 44
86 55
86 11
86 76
86 68
86 24
86 93
86 27
86 45
86 1
86 79
86 29
86 34
86 98
86 22
86 39
86 47
86 58
86 9
86 26
86 81
86 54
86 66
86 88
86 40
87 6
87 25
87 11
87 82
87 29
87 9
87 27
87 68
87 50
87 47
87 84
87 76
87 10
87 67
87 0
87 42
87 54
87 46
87 2
87 7
87 95
87 20
87 48
87 24
87 3
87 8
88 26
88 48
88 96
88 2
88 8
88 27
88 89
88 82
88 3
89 47
90 47
90 1
90 81
90 66
90 93
90 26
90 0
90 63
90 64
90 98
90 44
90 82
90 99
90 91
90 58
90 89
90 8
91 1
91 88
91 3
91 0
91 6
91 18
91 72
91 66
91 29
91 84
91 23
91 76
91 81
91 47
91 26
91 27
91 8
92 12
92 32
92 4
92 93
92 24
92 68
92 89
92 85
92 79
92 13
92 42
92 23
92 28
92 37
92 69
92 9
92 98
92 7
92 88
92 18
92 55
92 45
92 54
92 2
92 51
92 1
92 84
92 3
92 74
92 6
92 46
92 29
92 90
92 63
92 0
92 14
93 98
93 3
93 63
93 51
93 89
93 64
93 47
93 2
94 18
94 72
94 1
94 63
94 11
94 58
94 24
94 76
94 22
94 89
94 84
94 2
94 23
94 4
94 90
94 48
94 28
94 45
94 6
95 10
95 44
95 27
95 3
95 28
95 51
95 63
95 46
95 61
95 4
95 84
95 41
95 98
95 96
95 67
95 48
95 64
95 89
95 32
95 29
95 26
95 82
95 54
96 8
96 47
96 18
96 2
96 0
96 76
96 64
97 8
97 65
97 85
97 34
97 75
97 18
97 92
97 79
97 12
97 55
97 47
97 90
97 66
97 88
97 63
97 9
97 50
97 72
97 67
97 45
97 69
97 74
97 27
97 54
97 61
97 84
97 13
97 46
97 42
97 93
97 25
97 76
97 57
97 6
97 2
97 86
97 44
97 81
98 8
98 89
98 0
98 76
98 96
98 63
98 26
99 66
99 89
99 23
99 8
99 2
99 88
99 3
99 28
99 76
99 82
99 26
99 98
99 64
