100 2475
2 69
44 93
41 82
2 59
33 68
23 95
8 98
28 67
23 57
8 65
28 69
1 87
19 86
49 96
27 61
36 89
46 70
10 62
32 66
4 98
14 71
16 68
21 60
37 60
15 77
35 92
32 84
38 59
2 57
26 85
19 90
22 81
32 52
44 89
30 93
4 97
9 76
29 83
38 60
38 80
7 76
32 58
7 63
17 62
44 62
17 91
11 86
31 83
29 53
12 53
31 58
35 64
5 76
14 84
9 64
48 91
49 55
4 53
32 59
34 76
10 59
21 59
17 88
15 71
5 85
2 66
7 96
25 91
18 51
34 53
7 93
48 73
4 91
8 95
41 86
32 78
4 51
2 58
19 65
38 92
11 89
48 96
0 98
38 98
38 61
36 69
3 52
42 98
44 56
2 56
4 88
13 55
16 84
25 72
40 77
2 51
18 84
38 62
32 60
40 80
46 55
47 67
47 98
23 51
21 91
16 90
29 59
3 59
45 79
12 96
21 75
32 72
47 61
40 61
28 88
30 96
10 80
21 63
43 76
13 60
26 67
12 88
37 89
31 66
8 66
27 83
44 80
9 90
43 51
40 85
28 68
48 51
0 59
33 88
45 83
3 64
48 97
46 59
20 85
46 66
33 52
39 90
6 96
37 79
39 52
7 70
29 91
6 91
24 97
41 55
2 84
32 63
33 75
18 96
12 78
24 54
31 65
38 56
5 70
43 83
8 84
1 55
7 81
32 56
48 70
6 72
43 81
19 56
15 63
21 79
47 77
46 72
20 74
39 66
15 73
26 60
40 97
2 63
34 59
24 67
47 81
38 85
28 91
41 52
3 90
14 76
37 56
22 71
14 79
2 71
32 88
3 97
38 83
12 63
30 71
13 63
40 93
34 63
45 65
29 89
25 82
11 70
34 58
11 97
28 73
37 94
21 61
8 76
43 94
6 74
0 56
4 77
28 54
3 67
5 94
21 98
31 68
39 53
26 98
23 79
9 63
27 69
36 78
9 59
39 70
3 79
26 69
1 66
21 51
38 51
36 53
21 52
15 89
18 56
40 54
42 93
40 96
43 70
20 66
11 71
22 69
31 69
20 95
14 67
0 86
5 53
6 58
5 84
39 58
11 66
29 68
35 88
27 92
4 72
33 70
48 98
44 91
36 76
3 54
0 58
37 58
10 94
34 60
3 94
45 69
31 62
28 95
0 83
18 90
45 78
48 65
41 79
49 59
0 51
42 77
46 85
25 56
6 67
34 51
16 80
0 55
27 86
9 58
39 71
48 93
45 63
24 83
37 62
15 55
36 63
29 77
14 52
20 81
47 74
33 64
18 79
24 62
40 89
42 51
0 70
14 89
29 62
34 88
15 70
21 89
20 56
6 98
14 95
24 55
33 82
4 89
17 89
19 77
3 74
28 63
21 71
9 60
46 76
25 75
48 84
29 87
8 59
37 83
35 55
12 54
45 60
27 80
4 84
38 75
36 84
0 93
8 80
5 82
13 85
10 93
42 72
4 59
39 91
1 91
22 60
26 72
47 92
10 88
6 59
36 64
15 97
23 63
26 81
5 98
30 84
15 52
5 74
23 78
35 61
33 83
10 77
20 72
31 93
49 97
37 75
9 98
28 55
26 57
34 56
33 95
12 77
48 58
29 92
24 89
18 75
5 77
43 67
2 79
40 58
5 58
23 91
34 64
9 57
46 91
25 87
22 66
31 96
7 57
10 79
33 89
31 70
29 97
0 80
11 69
13 58
1 97
48 66
42 81
21 56
17 59
42 97
28 97
12 90
12 84
19 98
21 80
49 94
7 58
35 56
29 78
47 84
38 77
5 88
39 92
5 89
6 53
41 90
34 61
1 92
28 52
46 75
10 75
13 84
40 82
24 78
14 75
21 55
28 93
19 62
40 81
44 69
41 96
15 57
42 89
40 86
14 61
44 98
35 51
23 80
5 90
15 83
4 57
40 92
9 84
19 59
32 80
22 53
32 96
32 95
5 67
0 78
24 94
8 61
31 87
22 59
8 92
15 81
39 82
31 94
47 54
32 61
40 63
16 76
7 72
37 67
2 55
1 51
31 88
22 62
13 59
5 96
47 75
5 54
22 76
5 81
20 91
8 73
35 71
9 75
12 74
16 59
32 82
6 80
37 98
34 92
9 70
41 74
46 74
25 80
14 97
26 73
29 73
4 87
7 53
24 60
31 75
34 55
33 72
28 71
36 91
2 90
35 59
0 54
33 66
23 85
9 77
32 55
41 72
33 98
23 59
35 68
1 56
23 89
41 88
6 81
14 92
34 77
5 68
49 61
37 80
18 81
28 57
29 60
21 81
1 76
31 71
15 68
8 54
44 72
44 82
38 65
30 87
35 77
22 93
22 78
10 63
38 87
7 83
7 56
42 94
24 69
23 75
25 51
1 74
34 85
10 78
31 59
22 88
13 89
47 55
4 56
29 86
41 98
42 86
20 51
0 64
9 66
20 79
35 80
30 63
42 69
48 56
6 64
32 76
12 68
10 71
34 82
45 56
37 63
25 96
49 58
1 88
4 52
14 64
16 56
47 88
22 90
2 54
9 85
43 53
38 78
8 85
27 67
0 69
4 58
11 94
5 57
40 88
41 85
20 89
21 58
30 67
45 80
36 55
23 94
6 97
30 80
3 83
40 94
19 53
26 80
21 54
49 95
31 86
49 98
30 59
23 61
41 75
20 97
2 62
6 79
9 53
42 59
36 52
27 58
17 74
19 81
25 90
6 69
33 96
5 59
8 70
2 75
3 93
34 62
14 80
20 98
1 83
9 52
10 96
35 96
39 55
20 68
30 91
28 62
44 70
46 87
36 57
36 56
1 80
24 77
41 61
39 96
8 53
13 77
41 92
44 77
32 87
49 88
14 53
18 88
45 76
44 53
35 95
44 63
20 83
25 83
42 95
1 52
23 68
0 60
26 71
25 59
47 87
47 58
8 75
38 72
30 66
47 62
5 97
37 70
7 84
48 81
33 85
38 64
7 86
42 64
31 73
22 67
34 78
21 65
29 61
48 89
17 83
9 81
39 83
25 79
0 67
23 69
0 57
6 62
44 59
7 82
26 59
49 86
9 83
13 91
4 86
39 54
7 97
17 51
1 96
24 61
16 63
8 71
25 95
46 94
43 64
29 72
39 65
49 60
45 70
36 59
41 83
48 90
12 67
16 53
33 74
20 76
24 56
49 71
30 68
1 60
26 78
25 76
1 70
17 56
28 75
24 93
34 66
37 71
24 73
14 87
29 90
44 96
29 84
45 97
12 56
16 60
2 60
36 66
12 94
9 86
1 98
24 87
20 88
48 63
28 60
20 93
39 86
0 74
7 92
45 86
35 94
29 64
22 97
22 57
42 53
37 68
15 62
49 70
29 51
13 52
7 51
41 65
23 98
8 64
16 81
10 54
30 95
48 74
6 54
29 95
8 86
44 85
33 94
5 72
12 87
42 75
8 67
13 92
43 52
30 98
24 71
26 84
12 93
26 58
6 86
10 73
13 65
10 58
3 81
38 96
41 51
35 89
31 79
47 89
27 63
49 91
23 93
37 59
17 87
36 97
20 55
14 68
25 93
20 86
16 87
49 62
18 55
27 90
27 64
49 64
0 94
18 60
44 79
15 85
34 75
49 78
10 51
5 80
25 77
14 90
11 84
45 74
0 61
27 96
32 91
0 89
22 73
40 60
45 59
9 93
24 84
30 77
27 78
22 52
25 92
23 56
13 72
10 52
41 91
15 59
45 89
22 80
49 90
43 66
14 55
3 56
33 87
36 79
48 92
5 64
9 80
20 54
9 54
33 53
9 71
49 54
15 98
8 58
36 96
16 73
32 93
24 85
12 69
29 76
38 55
11 51
31 56
30 73
20 60
13 97
37 91
4 64
33 56
26 75
28 64
12 72
48 83
39 75
25 84
16 85
31 76
7 64
18 86
1 78
24 64
23 67
48 76
25 70
25 73
36 54
26 68
8 88
19 63
8 82
1 59
30 97
32 51
41 70
45 90
44 78
6 75
5 79
11 85
25 52
43 63
22 56
24 53
12 91
47 85
35 53
30 54
24 86
35 98
31 67
26 51
9 91
33 60
0 71
45 82
4 65
38 54
20 78
27 84
11 68
42 62
0 96
38 74
44 65
32 86
40 65
16 96
37 96
25 65
0 76
13 76
28 77
15 87
41 73
42 78
28 61
13 75
43 78
6 65
17 76
22 51
17 60
32 81
49 92
34 90
46 58
18 72
12 58
4 75
6 92
8 94
8 55
37 69
17 63
19 83
7 94
0 52
35 82
47 57
29 98
38 84
2 78
15 61
13 80
8 87
44 75
47 65
16 72
20 67
20 96
22 74
40 72
4 92
49 72
36 85
9 69
18 89
24 59
26 54
9 82
21 92
9 94
44 57
44 64
25 55
7 75
49 77
11 59
41 54
4 66
45 53
35 62
36 73
4 79
49 56
37 87
5 91
29 54
38 73
10 83
11 54
25 57
19 95
38 97
5 55
5 69
12 59
1 94
0 84
11 82
42 65
13 86
3 98
46 78
6 51
46 77
31 72
27 76
21 74
8 51
3 57
3 96
14 83
13 73
28 70
15 53
38 52
30 62
18 98
34 74
25 98
46 62
45 75
18 63
1 58
24 79
26 93
20 94
1 68
4 54
8 68
13 51
44 66
13 74
13 64
33 79
24 96
15 84
6 61
18 67
11 76
31 74
18 95
9 56
43 79
33 86
23 52
16 70
2 92
22 94
14 86
41 57
43 73
45 71
6 68
11 92
21 62
15 86
19 79
29 63
23 97
39 80
46 65
43 59
14 88
12 52
42 96
27 77
29 52
32 54
43 58
4 70
41 77
10 82
1 53
34 57
37 64
44 54
28 65
12 80
9 96
17 85
28 74
48 60
8 78
39 81
42 74
31 52
35 72
18 53
28 86
48 62
0 88
27 51
11 65
45 95
32 69
41 59
34 94
49 82
30 76
39 85
9 62
5 65
22 83
17 58
45 91
19 76
26 56
45 55
20 65
34 67
0 75
39 56
13 61
35 65
27 72
23 74
28 72
31 51
35 70
0 73
1 82
26 97
47 51
49 51
1 77
7 59
33 77
16 77
48 85
29 70
42 76
41 81
1 71
21 73
17 70
46 68
37 76
9 51
27 74
3 71
21 69
2 82
22 82
14 85
24 75
24 95
10 72
45 77
35 90
10 89
18 80
16 75
2 94
29 65
1 85
32 53
33 55
3 88
12 95
23 55
8 72
21 84
10 76
1 64
29 71
32 98
14 81
37 73
33 63
10 69
47 70
39 68
31 64
12 73
37 52
5 61
10 67
3 77
19 61
33 59
48 95
36 82
49 66
35 74
48 77
9 61
32 77
42 70
29 55
6 94
20 77
47 64
42 71
16 64
17 69
47 52
20 69
7 78
14 94
21 86
13 68
39 93
4 55
44 51
17 86
12 85
4 67
40 64
43 97
11 53
44 87
27 66
25 94
21 57
11 90
40 68
30 60
17 61
43 74
1 72
49 84
45 88
13 83
10 56
38 63
18 83
40 87
47 56
19 71
1 89
28 66
22 70
44 81
6 66
24 76
34 93
33 69
11 67
36 92
46 90
17 97
41 94
16 57
1 67
42 82
38 53
3 63
32 75
30 64
19 57
37 65
2 80
32 89
49 52
27 81
14 56
47 72
29 66
46 60
42 55
27 70
0 68
15 60
46 95
26 79
18 78
27 85
49 85
46 71
6 71
5 92
25 54
5 87
22 87
38 82
17 94
42 61
46 69
26 53
43 91
37 90
2 89
30 70
41 87
21 90
19 72
20 92
45 94
13 53
3 60
4 73
42 92
38 89
15 91
27 98
30 65
4 78
34 84
30 74
48 61
32 65
13 54
16 93
4 83
46 92
45 85
23 86
33 84
28 80
30 94
40 71
41 97
30 69
43 86
44 61
48 53
11 75
11 58
44 92
35 83
40 70
40 78
1 84
24 58
45 51
47 68
16 91
4 61
37 85
12 97
10 97
30 85
44 74
47 83
23 64
18 74
16 58
20 59
10 95
19 69
21 72
44 94
14 51
34 95
10 90
25 63
27 71
39 79
43 71
48 59
21 95
17 78
39 94
14 66
36 61
19 68
12 55
37 74
9 67
10 55
33 61
21 67
16 98
12 81
3 92
29 79
42 54
18 71
6 84
28 98
2 67
16 83
38 71
37 61
43 93
10 91
31 90
39 60
0 77
19 55
8 83
39 67
6 56
36 75
42 52
10 98
34 91
13 94
3 91
37 78
18 64
26 74
8 77
48 52
7 52
47 97
15 90
19 94
27 88
17 75
19 75
30 56
26 61
44 73
46 79
35 57
47 59
45 66
20 71
31 61
20 64
26 62
20 73
14 58
29 96
18 62
30 55
41 60
0 97
31 95
39 73
5 63
41 71
36 65
19 93
13 88
29 80
35 54
43 72
36 94
23 77
3 58
44 58
6 77
47 73
9 55
39 76
23 58
2 91
43 96
16 92
23 92
42 88
8 79
27 54
6 89
33 62
16 51
7 67
29 74
4 95
10 70
46 86
40 95
9 73
40 67
30 89
28 94
31 78
6 55
11 64
29 57
13 67
48 71
11 60
4 85
47 93
39 72
12 70
22 89
27 75
38 57
42 84
48 75
28 56
19 91
6 78
12 89
3 73
3 86
46 88
11 62
2 86
8 62
23 88
15 79
10 61
2 93
34 73
44 86
2 97
40 75
45 96
47 69
4 76
35 69
11 57
49 79
26 95
5 56
15 51
38 81
12 61
42 73
12 66
2 77
34 69
3 89
10 65
28 79
2 95
8 91
26 82
22 77
19 88
20 62
18 91
43 60
46 81
40 79
46 84
24 57
11 79
42 79
10 81
5 93
3 69
7 74
19 51
35 86
43 87
26 77
17 53
43 88
28 53
1 86
44 84
35 58
36 72
19 80
5 66
37 55
26 87
5 62
43 68
44 60
22 64
36 90
29 94
48 87
19 85
38 66
2 53
32 94
14 82
41 68
22 95
35 93
28 78
33 73
7 73
12 71
26 83
17 79
7 60
44 95
1 61
49 65
13 90
28 76
38 93
11 91
14 70
19 97
10 74
0 72
34 71
18 59
37 54
32 90
23 87
25 85
18 92
31 92
30 75
18 68
42 60
43 89
35 91
36 93
46 93
33 90
43 77
0 66
12 75
25 69
33 58
46 51
13 93
35 52
22 98
28 92
45 67
27 94
33 54
11 87
15 74
3 55
35 66
37 97
43 55
49 67
21 76
1 95
30 82
28 51
36 98
27 53
45 98
21 66
30 52
24 52
22 54
16 61
4 60
24 65
9 79
16 67
38 70
24 90
0 82
23 96
20 53
27 65
36 87
22 79
7 90
15 75
0 79
2 72
4 68
48 79
18 73
13 66
14 91
35 79
24 68
41 63
0 91
22 58
46 89
27 89
19 73
19 52
3 95
47 53
47 80
35 63
4 69
10 53
6 57
11 72
29 93
36 71
2 65
40 51
25 60
44 88
8 89
40 53
19 87
12 92
8 57
23 60
49 68
7 77
17 98
18 52
15 72
3 85
21 87
35 87
14 63
39 57
31 91
47 71
24 92
5 73
0 65
40 91
22 72
26 70
44 55
1 69
45 73
42 57
3 75
16 97
15 82
47 91
49 93
30 92
5 52
18 82
17 71
46 67
47 90
15 92
13 87
16 69
17 73
18 87
7 62
37 86
30 78
4 90
27 57
32 79
45 87
4 74
15 64
4 94
42 90
39 97
37 95
21 96
40 62
11 98
46 57
15 67
38 67
39 62
18 94
46 82
12 82
21 88
14 77
6 88
11 78
27 79
34 98
16 94
46 73
35 73
30 86
15 76
31 53
36 77
16 95
38 95
17 77
13 98
48 88
4 62
23 81
43 84
12 79
10 57
43 95
37 51
30 79
41 66
39 87
26 66
27 97
6 76
46 96
40 69
20 90
6 52
30 72
29 85
24 66
11 55
23 71
10 86
37 72
44 67
46 83
48 68
33 67
46 56
11 56
31 98
34 52
41 89
42 58
21 53
7 88
40 52
10 64
40 76
22 85
33 92
28 90
9 97
33 71
19 58
32 57
10 66
48 72
13 71
15 65
23 66
16 52
6 83
30 90
26 76
6 95
2 88
40 84
18 85
18 93
44 97
20 82
3 84
19 89
29 88
48 64
25 61
39 84
42 85
41 84
33 97
47 95
36 60
7 98
31 84
48 67
7 85
20 63
20 80
20 84
11 77
11 95
15 56
32 85
43 90
33 80
31 80
29 69
12 62
19 82
14 96
43 57
46 97
2 68
7 66
39 61
40 66
39 77
40 73
45 92
26 64
14 54
21 77
8 81
23 84
14 60
25 53
14 57
16 62
23 54
4 63
39 59
11 88
15 66
41 58
0 62
3 53
17 67
45 64
1 62
9 65
20 52
45 72
31 55
38 76
11 52
27 91
3 61
3 70
21 78
39 64
1 54
13 78
7 65
41 69
13 79
32 71
35 75
35 97
15 88
13 81
20 75
29 81
43 80
4 81
9 95
43 54
32 64
6 90
24 72
27 59
35 84
33 78
33 81
17 84
13 70
22 68
46 98
26 96
42 56
49 83
13 56
24 88
30 61
10 60
7 87
21 93
38 91
0 81
16 74
25 68
3 72
31 63
37 84
31 81
18 76
45 81
29 67
8 90
42 63
37 92
38 90
34 97
10 85
17 90
40 83
14 78
48 82
25 89
28 83
27 82
23 82
36 62
43 85
47 60
31 77
42 68
17 57
46 52
12 57
44 68
19 66
16 82
13 69
17 93
48 80
27 93
19 74
34 83
4 71
41 93
5 86
40 59
17 72
42 67
38 58
36 95
10 84
18 54
8 56
5 60
41 95
15 95
33 93
34 80
45 54
20 70
22 96
11 73
18 70
30 88
17 52
9 74
37 82
6 70
46 61
34 54
43 75
27 73
17 64
17 96
32 92
22 55
5 75
17 55
14 93
41 67
26 86
42 80
36 83
44 90
19 67
1 75
34 96
26 92
25 78
21 64
3 66
46 80
12 98
2 83
8 97
36 58
22 63
3 80
24 91
42 87
24 70
7 68
9 68
33 76
1 73
35 67
25 74
13 82
32 97
17 65
26 55
49 69
8 93
25 67
49 81
16 66
21 97
40 56
5 71
1 81
3 65
27 52
29 56
40 74
9 78
32 83
25 58
17 82
21 82
36 80
19 70
26 94
49 53
39 89
26 52
16 88
16 89
4 93
40 98
20 61
49 74
42 91
2 64
49 63
2 76
2 70
49 73
34 70
44 83
19 78
24 51
22 75
32 74
16 54
37 66
43 65
47 63
21 85
21 83
8 96
19 84
23 73
22 84
38 88
16 55
11 61
15 78
36 68
0 85
46 64
17 66
25 62
5 83
41 56
39 69
41 78
28 85
3 87
45 68
43 98
21 94
47 79
8 60
38 79
49 57
19 92
4 80
2 74
28 89
13 62
5 95
6 60
38 69
49 89
24 81
49 87
47 86
33 91
45 52
31 97
7 71
39 78
1 79
33 65
44 52
24 63
6 93
9 72
26 90
13 96
28 84
15 93
13 95
49 75
9 87
48 94
0 87
18 65
22 65
7 80
11 81
11 93
18 69
26 91
0 53
23 62
6 82
39 88
5 78
24 82
31 89
21 68
27 55
27 60
23 70
42 66
12 86
48 69
4 96
10 92
7 95
14 62
33 51
30 58
36 86
43 61
48 78
2 73
10 68
15 94
47 94
45 93
8 63
34 87
1 63
38 86
24 98
48 54
17 68
3 76
36 70
37 57
38 94
22 86
14 69
27 68
1 90
29 82
1 93
3 51
46 63
14 74
6 87
12 65
2 61
30 57
1 65
4 82
45 61
18 58
37 81
47 66
12 83
2 52
31 60
12 60
15 96
20 87
44 76
29 58
35 81
46 54
30 53
22 92
11 96
31 57
8 52
24 80
25 97
12 64
36 51
47 82
7 89
37 77
26 89
17 81
30 81
6 85
32 68
37 93
42 83
31 54
39 95
23 76
43 82
48 55
16 79
2 96
26 65
39 51
47 96
12 76
35 85
40 90
41 53
30 83
0 63
27 62
19 96
16 78
9 88
14 65
34 81
26 63
28 81
38 68
19 64
43 56
18 61
29 75
48 86
3 62
16 71
32 62
28 59
25 86
41 64
32 70
47 78
22 91
41 62
14 72
7 79
35 76
23 65
20 57
12 51
32 67
39 74
41 76
11 80
0 95
14 73
32 73
3 68
31 82
39 98
36 88
15 69
45 57
15 54
14 98
36 74
31 85
25 64
45 58
7 61
27 95
15 58
15 80
37 53
28 58
17 54
48 57
3 78
23 90
0 90
45 84
8 74
11 74
40 55
34 79
28 87
25 71
6 63
35 60
49 80
28 82
22 61
36 67
47 76
33 57
2 87
17 80
11 63
17 92
9 89
16 86
7 69
8 69
41 80
7 54
13 57
49 76
25 81
18 57
21 70
18 97
9 92
45 62
18 77
18 66
2 85
0 92
17 95
19 60
3 82
25 66
25 88
43 92
5 51
7 55
27 87
11 83
24 74
26 88
27 56
34 68
20 58
43 69
23 83
39 63
2 81
19 54
44 71
16 65
35 78
34 72
43 62
28 96
7 91
6 73
30 51
2 98
34 89
10 87
14 59
46 53
34 65
1 57
23 72
36 81
40 57
34 86
23 53
37 88
