Test n: 0 6.800000846851617e-06 
3.2999996619764715e-06 
3.200000719516538e-06 
2.599999788799323e-06 
3.1999989005271345e-06 

Test n: 100 0.013795599999866681 
0.014177099999869824 
0.013906000000133645 
0.014509000000543892 
0.014284099999713362 

Test n: 200 0.10484840000026452 
0.11364090000097349 
0.10337239999898884 
0.12738490000083402 
0.1088368000000628 

Test n: 300 0.42873099999997066 
0.365974999998798 
0.3444271000007575 
0.46333009999943897 
0.4367781999990257 

Test n: 400 1.3231498999994074 
1.407986100000926 
1.158854399998745 
0.9800657000014326 
0.9671097999998892 

Test n: 500 2.6958613999995578 
2.3136950000007346 
2.378821099999186 
2.334140799999659 
2.2718655000007857 

Test n: 600 4.305589999999938 
4.864440499999546 
4.818719899998541 
4.994724599999245 
4.926028899999437 

Test n: 700 7.625029700000596 
7.467842799998834 
7.581717799999751 
7.384192200001053 
7.944692799999757 

Test n: 800 12.273010700000668 
14.494719399999667 
15.385316299998522 
16.41194329999962 
14.991517299999032 

Test n: 900 20.126028800001222 
24.310283799999524 
19.109956299998885 
18.827058700000634 
20.889589499998692 

