511 510
180 381
180 216
381 333
333 290
290 260
260 274
274 141
141 482
482 211
211 179
179 405
405 277
277 337
337 18
18 176
176 299
299 153
153 247
247 357
357 438
438 291
291 469
469 138
138 29
29 406
406 377
377 369
369 403
403 365
365 269
269 489
489 409
409 287
287 282
282 194
194 49
49 429
429 242
242 76
76 248
248 400
400 251
251 262
262 461
461 69
69 74
74 412
412 359
359 265
265 196
196 16
16 498
498 372
372 273
273 188
188 241
241 435
435 229
229 297
297 127
127 151
151 340
340 445
445 73
73 494
494 44
44 175
175 258
258 267
267 137
137 305
305 288
288 66
66 48
48 414
414 427
427 87
87 326
326 352
352 481
481 321
321 285
285 455
455 131
131 293
293 106
106 413
413 349
349 65
65 380
380 441
441 361
361 278
278 418
418 4
4 5
5 367
367 130
130 107
107 250
250 191
191 374
374 24
24 312
312 148
148 28
28 468
468 475
475 393
393 371
371 102
102 451
451 51
51 301
301 31
31 208
208 178
178 391
391 186
186 145
145 181
181 263
263 426
426 14
14 10
10 341
341 96
96 133
133 449
449 157
157 270
270 416
416 302
302 342
342 493
493 15
15 12
12 121
121 448
448 143
143 504
504 388
388 313
313 392
392 439
439 411
411 223
223 169
169 177
177 62
62 98
98 116
116 53
53 254
254 165
165 219
219 328
328 488
488 105
105 50
50 228
228 64
64 6
6 190
190 506
506 292
292 256
256 253
253 199
199 233
233 147
147 358
358 334
334 124
124 386
386 63
63 227
227 238
238 35
35 345
345 379
379 67
67 225
225 140
140 339
339 85
85 428
428 266
266 350
350 310
310 404
404 304
304 309
309 79
79 348
348 120
120 185
185 387
387 249
249 303
303 213
213 23
23 122
122 271
271 82
82 476
476 454
454 182
182 470
470 467
467 170
170 346
346 158
158 156
156 463
463 390
390 430
430 508
508 86
86 417
417 112
112 319
319 385
385 332
332 259
259 54
54 495
495 279
279 317
317 311
311 399
399 447
447 119
119 320
320 466
466 20
20 123
123 173
173 443
443 226
226 52
52 57
57 37
37 55
55 220
220 115
115 356
356 479
479 224
224 472
472 42
42 232
232 117
117 202
202 13
13 111
111 240
240 384
384 433
433 509
509 402
402 163
163 306
306 507
507 33
33 83
83 257
257 394
394 395
395 360
360 198
198 491
491 61
61 135
135 366
366 93
93 275
275 440
440 322
322 487
487 237
237 114
114 407
407 239
239 146
146 161
161 3
3 424
424 375
375 335
335 129
129 72
72 25
25 244
244 396
396 456
456 286
286 27
27 276
276 218
218 389
389 354
354 189
189 480
480 136
136 118
118 496
496 19
19 423
423 99
99 43
43 363
363 373
373 243
243 70
70 343
343 166
166 56
56 324
324 192
192 444
444 100
100 36
36 38
38 458
458 245
245 272
272 295
295 465
465 221
221 505
505 204
204 432
432 442
442 483
483 425
425 214
214 95
95 40
40 294
294 154
154 58
58 92
92 109
109 167
167 300
300 252
252 183
183 230
230 168
168 378
378 261
261 486
486 462
462 193
193 364
364 492
492 41
41 171
171 113
113 26
26 450
450 452
452 485
485 205
205 1
1 110
110 235
235 408
408 142
142 474
474 217
217 362
362 197
197 318
318 144
144 201
201 47
47 162
162 398
398 17
17 126
126 347
347 206
206 22
22 419
419 97
97 159
159 30
30 255
255 370
370 473
473 446
446 172
172 45
45 215
215 323
323 184
184 331
331 459
459 298
298 264
264 307
307 8
8 94
94 7
7 397
397 75
75 89
89 336
336 410
410 478
478 315
315 164
164 460
460 383
383 81
81 68
68 246
246 437
437 308
308 128
128 464
464 327
327 329
329 382
382 21
21 209
209 34
34 368
368 421
421 78
78 77
77 125
125 174
174 280
280 200
200 344
344 351
351 71
71 59
59 490
490 283
283 503
503 436
436 155
155 325
325 289
289 500
500 210
210 149
149 484
484 236
236 101
101 234
234 108
108 499
499 207
207 420
420 80
80 355
355 11
11 32
32 376
376 268
268 84
84 39
39 104
104 212
212 316
316 296
296 103
103 453
453 134
134 415
415 284
284 431
431 501
501 9
9 46
46 150
150 195
195 88
88 203
203 231
231 314
314 477
477 471
471 502
502 90
90 60
60 222
222 497
497 139
139 457
457 422
422 152
152 338
338 281
281 330
330 434
434 0
0 91
91 132
132 160
160 401
401 187
187 2
2 353
353 216
